12
1
2
6 16 3 2 0 -1
6 17 3 1 0 2
haar_y2
8.617640e-004 0 -1
-2.531121e-001 4.203175e-001 
1
2
15 15 1 9 0 -1
15 18 1 3 0 3
haar_y3
-4.401620e-003 0 -1
3.204834e-001 -9.718194e-002 
1
3
5 14 10 6 0 -1
5 14 5 3 0 2
10 17 5 3 0 2
haar_x2_y2
2.806328e-002 0 -1
-2.232079e-001 6.872089e-001 
1
3
8 12 12 2 0 -1
14 12 6 1 0 2
8 13 6 1 0 2
haar_x2_y2
-1.941337e-003 0 -1
2.347319e-001 -5.629237e-002 
1
3
1 2 12 4 0 -1
1 2 6 2 0 2
7 4 6 2 0 2
haar_x2_y2
-6.614450e-003 0 -1
5.255671e-001 -2.237004e-001 
1
2
11 0 2 6 0 -1
11 3 2 3 0 2
haar_y2
5.014170e-003 0 -1
-2.438603e-001 5.182276e-001 
1
2
8 18 3 4 0 -1
8 20 3 2 0 2
haar_y2
3.845560e-003 0 -1
-2.064229e-001 5.098262e-001 
1
2
21 16 3 3 0 -1
21 17 3 1 0 3
haar_y3
1.523807e-003 0 -1
1.339634e-001 -5.181580e-001 
1
2
0 2 24 21 0 -1
0 9 24 7 0 3
haar_y3
-3.321965e-001 0 -1
-7.227482e-001 1.674604e-001 
1
2
15 10 6 2 0 -1
15 11 6 1 0 2
haar_y2
1.165416e-002 0 -1
4.577466e-002 -9.129286e-001 
1
2
3 10 6 2 0 -1
3 11 6 1 0 2
haar_y2
-5.708636e-004 0 -1
3.370641e-001 -3.540300e-001 
1
2
15 22 3 2 0 -1
16 22 1 2 0 3
haar_x3
-1.611870e-003 0 -1
-9.163526e-001 1.601908e-001 
-7.737801e-001

13
-1
