9
1
2
7 1 15 5 0 -1
12 6 5 5 0 3
tilted_haar_x3
-2.789735e-002 0 -1
5.909738e-001 -5.176302e-001 
1
2
12 10 4 3 0 -1
12 10 2 3 0 2
tilted_haar_y2
-1.815627e-002 0 -1
7.720894e-001 -1.169103e-001 
1
2
8 10 6 5 0 -1
11 10 3 5 0 2
haar_x2
-1.429418e-002 0 -1
8.072370e-001 -3.358566e-001 
1
2
9 5 12 6 0 -1
13 7 4 2 0 9
haar_point
-9.099162e-002 0 -1
7.274416e-001 1.278608e-003 
1
2
3 5 12 6 0 -1
7 7 4 2 0 9
haar_point
4.528744e-002 0 -1
-2.806656e-001 7.004923e-001 
1
2
11 10 6 6 0 -1
13 12 2 2 0 9
haar_point
-6.399914e-002 0 -1
8.006115e-001 -8.796299e-002 
1
2
7 10 6 6 0 -1
9 12 2 2 0 9
haar_point
-4.958626e-002 0 -1
8.921113e-001 -2.134933e-001 
1
2
22 0 2 6 0 -1
22 0 2 3 0 2
tilted_haar_x2
-2.802941e-003 0 -1
4.294059e-001 -1.608631e-001 
1
2
9 11 6 2 0 -1
11 13 2 2 0 3
tilted_haar_x3
1.917918e-002 0 -1
-2.480521e-001 8.447880e-001 
-1.071156e+000

-1
-1
