13
1
2
0 16 8 6 0 -1
4 16 4 6 0 2
haar_x2
3.544592e-003 0 -1
-3.715968e-001 3.654771e-001 
1
2
12 9 4 8 0 -1
12 9 2 8 0 2
haar_x2
-1.171523e-002 0 -1
3.566139e-001 -1.592551e-001 
1
2
3 0 7 8 0 -1
3 4 7 4 0 2
haar_y2
1.072599e-002 0 -1
-2.879820e-001 4.718342e-001 
1
2
13 10 1 6 0 -1
11 12 1 2 0 3
tilted_haar_x3
-1.875246e-002 0 -1
7.109032e-001 -1.464441e-001 
1
2
9 10 6 3 0 -1
11 11 2 1 0 9
haar_point
-2.070459e-002 0 -1
6.330100e-001 -1.834687e-001 
1
2
22 13 2 3 0 -1
22 14 2 1 0 3
haar_y3
9.240466e-004 0 -1
1.264347e-001 -4.458416e-001 
1
2
0 13 2 3 0 -1
0 14 2 1 0 3
haar_y3
1.799841e-003 0 -1
1.551319e-001 -8.465873e-001 
1
2
6 9 12 3 0 -1
6 10 12 1 0 3
haar_y3
-1.609893e-003 0 -1
3.558167e-001 -3.730523e-001 
1
3
7 5 8 6 0 -1
7 5 4 3 0 2
11 8 4 3 0 2
haar_x2_y2
-1.579708e-002 0 -1
6.673827e-001 -2.253045e-001 
1
2
8 10 9 3 0 -1
11 11 3 1 0 9
haar_point
1.737421e-002 0 -1
-1.341308e-001 5.171974e-001 
1
2
0 0 24 5 0 -1
12 0 12 5 0 2
haar_x2
-2.077749e-002 0 -1
4.015301e-001 -2.963499e-001 
1
2
18 0 6 1 0 -1
20 0 2 1 0 3
haar_x3
3.531814e-003 0 -1
1.351113e-001 -8.076686e-001 
1
2
12 10 8 6 0 -1
10 12 8 2 0 3
tilted_haar_y3
1.248411e-002 0 -1
-3.660076e-001 3.815820e-001 
-6.692178e-001

3
-1
