7
1
2
9 8 2 3 0 -1
9 9 2 1 0 3
haar_y3
-5.491528e-005 0 -1
3.657148e-001 -6.083233e-001 
1
2
13 10 2 4 0 -1
13 10 1 4 0 2
tilted_haar_y2
-1.871192e-002 0 -1
1.000000e+000 -5.379820e-002 
1
2
11 10 4 2 0 -1
11 10 4 1 0 2
tilted_haar_y2
5.704409e-003 0 -1
-3.885382e-001 6.434664e-001 
1
3
18 13 6 4 0 -1
21 13 3 2 0 2
18 15 3 2 0 2
haar_x2_y2
1.572426e-003 0 -1
-6.470734e-002 3.865009e-001 
1
2
9 8 5 15 0 -1
9 13 5 5 0 3
haar_y3
4.124442e-002 0 -1
-4.237473e-001 6.659195e-001 
1
2
16 6 4 1 0 -1
17 6 2 1 0 2
haar_x4
-1.583714e-003 0 -1
-7.639858e-001 9.852564e-002 
1
2
4 6 4 1 0 -1
5 6 2 1 0 2
haar_x4
-2.850181e-004 0 -1
4.935664e-001 -5.055014e-001 
-3.513505e-001

11
-1
