10
1
2
0 0 24 6 0 -1
6 0 12 6 0 2
haar_x4
5.541002e-002 0 -1
-2.235467e-001 7.177624e-001 
1
2
21 0 2 3 0 -1
21 1 2 1 0 3
haar_y3
-2.124830e-003 0 -1
-8.185759e-001 2.010668e-001 
1
3
2 2 16 22 0 -1
2 2 8 11 0 2
10 13 8 11 0 2
haar_x2_y2
6.787206e-002 0 -1
-3.079623e-001 5.606010e-001 
1
2
18 9 6 15 0 -1
18 9 3 15 0 2
haar_x2
1.176888e-002 0 -1
-2.505967e-001 4.280733e-001 
1
2
0 11 6 8 0 -1
3 11 3 8 0 2
haar_x2
1.521726e-002 0 -1
-3.720635e-001 4.930741e-001 
1
2
14 0 3 1 0 -1
15 0 1 1 0 3
haar_x3
1.109433e-003 0 -1
1.126812e-001 -6.966497e-001 
1
2
1 19 6 3 0 -1
1 20 6 1 0 3
haar_y3
-2.380233e-003 0 -1
-7.619506e-001 1.899477e-001 
1
3
22 20 2 2 0 -1
23 20 1 1 0 2
22 21 1 1 0 2
haar_x2_y2
7.675934e-004 0 -1
1.183466e-001 -6.794271e-001 
1
2
5 13 8 3 0 -1
7 13 4 3 0 2
haar_x4
8.840449e-003 0 -1
-2.875504e-001 5.653245e-001 
1
2
22 13 2 3 0 -1
22 14 2 1 0 3
haar_y3
2.370285e-003 0 -1
1.620498e-001 -8.201787e-001 
-7.869812e-001

2
-1
