14
1
2
0 5 24 15 0 -1
8 10 8 5 0 9
haar_point
-3.945579e-001 0 -1
-8.137233e-001 1.519081e-001 
1
2
19 0 4 2 0 -1
20 1 2 2 0 2
tilted_haar_y4
-3.725305e-003 0 -1
-2.293639e-001 1.554716e-002 
1
2
5 0 2 4 0 -1
4 1 2 2 0 2
tilted_haar_y4
2.344322e-003 0 -1
2.150734e-001 -5.787767e-001 
1
2
22 0 2 3 0 -1
22 0 1 3 0 2
tilted_haar_y2
-3.761176e-003 0 -1
-5.265679e-001 1.078817e-001 
1
2
9 12 3 3 0 -1
10 13 1 1 0 9
haar_point
-8.149829e-003 0 -1
7.113851e-001 -1.649609e-001 
1
2
11 11 6 3 0 -1
13 12 2 1 0 9
haar_point
1.827828e-002 0 -1
-1.274138e-001 5.497707e-001 
1
2
7 11 6 3 0 -1
9 12 2 1 0 9
haar_point
1.703624e-002 0 -1
-2.508266e-001 5.955082e-001 
1
2
9 8 6 3 0 -1
11 9 2 1 0 9
haar_point
1.471151e-002 0 -1
-2.234469e-001 6.487347e-001 
1
2
5 2 18 4 0 -1
11 8 6 4 0 3
tilted_haar_x3
3.027564e-002 0 -1
2.769224e-001 -5.534056e-001 
1
2
22 20 1 3 0 -1
22 21 1 1 0 3
haar_y3
-4.480502e-004 0 -1
-5.349870e-001 1.253453e-001 
1
2
0 19 3 2 0 -1
0 20 3 1 0 2
haar_y2
1.921303e-003 0 -1
1.378243e-001 -8.569886e-001 
1
2
12 4 2 4 0 -1
12 5 2 2 0 2
haar_y4
4.426425e-003 0 -1
-1.475278e-001 6.070284e-001 
1
2
10 4 2 4 0 -1
10 5 2 2 0 2
haar_y4
-2.820347e-003 0 -1
7.336873e-001 -1.642404e-001 
1
2
21 0 2 3 0 -1
21 1 2 1 0 3
haar_y3
1.070811e-003 0 -1
1.374754e-001 -4.065943e-001 
-9.856778e-001

6
-1
