9
1
2
12 4 9 5 0 -1
15 7 3 5 0 3
tilted_haar_x3
-5.547586e-002 0 -1
7.415468e-001 -2.708716e-001 
1
2
13 2 3 2 0 -1
14 2 1 2 0 3
haar_x3
-4.603206e-003 0 -1
-6.308289e-001 1.100602e-001 
1
3
0 16 2 2 0 -1
0 16 1 1 0 2
1 17 1 1 0 2
haar_x2_y2
8.783444e-004 0 -1
2.344397e-001 -9.303151e-001 
1
2
15 1 3 4 0 -1
16 1 1 4 0 3
haar_x3
-2.216279e-003 0 -1
-4.160420e-001 2.505170e-002 
1
2
7 0 3 1 0 -1
8 0 1 1 0 3
haar_x3
8.533553e-004 0 -1
2.379406e-001 -8.075919e-001 
1
2
15 0 3 5 0 -1
16 0 1 5 0 3
haar_x3
7.376934e-003 0 -1
4.625971e-002 -5.544826e-001 
1
2
0 9 6 10 0 -1
3 9 3 10 0 2
haar_x2
2.341978e-002 0 -1
-2.676056e-001 6.071548e-001 
1
2
15 0 3 5 0 -1
16 0 1 5 0 3
haar_x3
1.415282e-002 0 -1
1.159814e-002 -7.735074e-001 
1
2
0 0 2 4 0 -1
0 1 2 2 0 2
haar_y4
2.252019e-003 0 -1
1.826834e-001 -8.682804e-001 
-7.414075e-001

0
-1
