13
1
2
6 0 6 6 0 -1
8 2 2 6 0 3
tilted_haar_x3
3.201586e-002 0 -1
-1.979653e-001 6.895319e-001 
1
2
3 2 18 8 0 -1
9 2 6 8 0 3
haar_x3
-1.179256e-001 0 -1
-8.909608e-001 1.496224e-001 
1
2
6 13 6 6 0 -1
8 15 2 2 0 9
haar_point
-4.680419e-002 0 -1
8.634034e-001 -1.325524e-001 
1
2
13 14 6 6 0 -1
15 16 2 2 0 9
haar_point
-2.862483e-002 0 -1
5.203581e-001 -1.199930e-001 
1
2
10 14 3 3 0 -1
11 15 1 1 0 9
haar_point
-6.532398e-003 0 -1
6.661137e-001 -2.210301e-001 
1
2
20 9 1 3 0 -1
19 10 1 1 0 3
tilted_haar_x3
-3.420133e-003 0 -1
3.603739e-001 -7.044049e-002 
1
2
10 15 1 6 0 -1
10 15 1 3 0 2
tilted_haar_y2
4.707121e-003 0 -1
-2.712362e-001 4.729653e-001 
1
2
5 10 18 8 0 -1
11 10 6 8 0 3
haar_x3
-1.298615e-001 0 -1
-7.127761e-001 1.365372e-001 
1
2
1 10 18 8 0 -1
7 10 6 8 0 3
haar_x3
1.221074e-001 0 -1
1.542495e-001 -9.806874e-001 
1
2
17 10 2 2 0 -1
17 10 1 2 0 2
haar_x2
-1.851448e-003 0 -1
3.597575e-001 -1.967497e-001 
1
2
7 13 6 6 0 -1
9 15 2 2 0 9
haar_point
3.374817e-002 0 -1
-2.069324e-001 5.188562e-001 
1
2
14 13 3 2 0 -1
14 13 3 1 0 2
tilted_haar_x2
-1.107821e-002 0 -1
3.575277e-001 -5.811160e-002 
1
2
10 13 2 3 0 -1
10 13 1 3 0 2
tilted_haar_x2
3.529117e-003 0 -1
-2.370266e-001 5.827536e-001 
-7.151216e-001

11
-1
