11
1
2
4 14 6 1 0 -1
6 14 2 1 0 3
haar_x3
-4.545468e-003 0 -1
7.476654e-001 -2.177326e-001 
1
2
15 12 4 2 0 -1
16 13 2 2 0 2
tilted_haar_y4
-1.124058e-002 0 -1
7.804886e-001 -7.905978e-002 
1
2
4 13 6 1 0 -1
6 13 2 1 0 3
haar_x3
4.315776e-003 0 -1
-1.982254e-001 6.994340e-001 
1
2
17 11 4 1 0 -1
18 11 2 1 0 2
haar_x4
2.682514e-003 0 -1
-1.063661e-001 8.335964e-001 
1
2
7 7 6 3 0 -1
9 8 2 1 0 9
haar_point
1.773040e-002 0 -1
-2.080232e-001 6.766375e-001 
1
2
14 9 4 2 0 -1
15 10 2 2 0 2
tilted_haar_y4
-8.451233e-003 0 -1
5.749089e-001 -8.397538e-002 
1
2
10 9 2 4 0 -1
9 10 2 2 0 2
tilted_haar_y4
8.488452e-003 0 -1
-2.114129e-001 7.541918e-001 
1
2
12 8 3 6 0 -1
13 10 1 2 0 9
haar_point
-1.860361e-002 0 -1
4.287643e-001 -1.326387e-001 
1
2
9 8 3 6 0 -1
10 10 1 2 0 9
haar_point
2.337552e-002 0 -1
-1.439490e-001 8.863521e-001 
1
2
16 8 6 9 0 -1
18 11 2 3 0 9
haar_point
-1.326619e-002 0 -1
2.532373e-001 -8.870860e-002 
1
2
2 8 6 9 0 -1
4 11 2 3 0 9
haar_point
4.884210e-002 0 -1
-1.874058e-001 7.181411e-001 
-7.979492e-001

5
-1
