13
1
2
12 11 6 1 0 -1
14 13 2 1 0 3
tilted_haar_x3
1.136039e-002 0 -1
-2.041487e-001 6.743506e-001 
1
2
16 1 3 1 0 -1
17 1 1 1 0 3
haar_x3
4.199146e-004 0 -1
9.959859e-002 -1.713093e-001 
1
2
9 12 6 3 0 -1
11 13 2 1 0 9
haar_point
2.001094e-002 0 -1
-1.840460e-001 6.831086e-001 
1
2
10 9 7 9 0 -1
10 12 7 3 0 3
haar_y3
-1.178588e-002 0 -1
3.604243e-001 -1.717195e-001 
1
2
5 14 6 3 0 -1
7 15 2 1 0 9
haar_point
1.438126e-002 0 -1
-1.776215e-001 6.377447e-001 
1
2
13 13 4 4 0 -1
13 13 2 4 0 2
haar_x2
-1.254041e-002 0 -1
4.889163e-001 -9.675607e-002 
1
2
7 14 4 3 0 -1
9 14 2 3 0 2
haar_x2
1.188584e-002 0 -1
-1.358267e-001 7.855265e-001 
1
2
15 0 4 5 0 -1
16 0 2 5 0 2
haar_x4
-1.467191e-002 0 -1
4.696487e-001 8.845006e-003 
1
2
5 1 3 1 0 -1
6 1 1 1 0 3
haar_x3
8.492462e-004 0 -1
1.918652e-001 -7.857355e-001 
1
2
11 13 3 3 0 -1
12 14 1 1 0 9
haar_point
4.636468e-003 0 -1
-1.736686e-001 4.056384e-001 
1
2
0 2 21 21 0 -1
7 9 7 7 0 9
haar_point
1.896823e-001 0 -1
1.907302e-001 -7.035822e-001 
1
2
10 7 8 3 0 -1
12 7 4 3 0 2
haar_x4
2.354987e-002 0 -1
-8.612463e-002 7.603590e-001 
1
2
8 7 8 1 0 -1
12 7 4 1 0 2
haar_x2
-4.865156e-003 0 -1
5.275891e-001 -2.545943e-001 
-6.787025e-001

4
-1
