11
1
2
4 0 6 4 0 -1
6 0 2 4 0 3
haar_x3
-9.932950e-003 0 -1
-8.122429e-001 1.745424e-001 
1
2
20 1 4 1 0 -1
21 2 2 1 0 2
tilted_haar_y4
-2.824158e-003 0 -1
-5.146549e-001 7.562138e-002 
1
2
4 1 1 4 0 -1
3 2 1 2 0 2
tilted_haar_y4
-2.118047e-003 0 -1
-8.077112e-001 1.717969e-001 
1
2
13 8 6 6 0 -1
13 11 6 3 0 2
haar_y2
7.948684e-003 0 -1
-1.907545e-001 2.211943e-001 
1
2
0 0 4 4 0 -1
1 0 2 4 0 2
haar_x4
4.072272e-003 0 -1
1.547543e-001 -8.428259e-001 
1
2
13 8 6 6 0 -1
13 11 6 3 0 2
haar_y2
4.661355e-002 0 -1
-5.942519e-003 -8.220670e-001 
1
2
7 9 1 9 0 -1
7 12 1 3 0 3
haar_y3
-6.375221e-003 0 -1
5.653876e-001 -2.456907e-001 
1
2
21 17 2 2 0 -1
21 18 2 1 0 2
haar_y2
1.997872e-003 0 -1
6.012961e-002 -5.370713e-001 
1
3
0 20 2 4 0 -1
0 20 1 2 0 2
1 22 1 2 0 2
haar_x2_y2
1.500995e-003 0 -1
1.727023e-001 -7.384393e-001 
1
2
15 12 3 2 0 -1
16 12 1 2 0 3
haar_x3
-3.642694e-003 0 -1
5.248374e-001 -1.373366e-001 
1
2
4 0 3 3 0 -1
3 1 3 1 0 3
tilted_haar_y3
-3.635113e-003 0 -1
-6.878672e-001 1.737105e-001 
-7.685044e-001

8
-1
