6
1
2
6 10 4 12 0 -1
7 10 2 12 0 2
haar_x4
4.256114e-003 0 -1
1.728044e-001 -9.999980e-001 
1
2
14 5 2 3 0 -1
14 6 2 1 0 3
haar_y3
-2.548156e-004 0 -1
1.439282e-001 -2.155292e-001 
1
2
0 12 1 2 0 -1
0 13 1 1 0 2
haar_y2
-3.367238e-004 0 -1
-7.021803e-001 2.751463e-001 
1
2
11 4 3 15 0 -1
12 4 1 15 0 3
haar_x3
3.192773e-003 0 -1
-1.835263e-001 4.056288e-001 
1
2
10 4 3 15 0 -1
11 4 1 15 0 3
haar_x3
-9.914099e-004 0 -1
4.540317e-001 -4.856377e-001 
1
2
13 15 4 3 0 -1
14 15 2 3 0 2
haar_x4
2.607673e-003 0 -1
9.954970e-002 -4.210779e-001 
-3.371928e-001

13
-1
