15
1
2
1 0 2 3 0 -1
1 1 2 1 0 3
haar_y3
-1.415316e-003 0 -1
-7.851768e-001 1.820926e-001 
1
2
15 0 3 5 0 -1
16 0 1 5 0 3
haar_x3
5.050329e-004 0 -1
2.202628e-002 -1.257471e-001 
1
2
3 4 16 16 0 -1
3 8 16 8 0 2
haar_y4
-1.997754e-002 0 -1
3.139978e-001 -3.638429e-001 
1
2
15 0 3 5 0 -1
16 0 1 5 0 3
haar_x3
1.789615e-002 0 -1
-1.223176e-002 9.999919e-001 
1
2
6 0 3 5 0 -1
7 0 1 5 0 3
haar_x3
3.245450e-003 0 -1
1.231776e-001 -8.872902e-001 
1
2
9 6 6 3 0 -1
11 7 2 1 0 9
haar_point
2.018607e-002 0 -1
-1.659395e-001 6.726638e-001 
1
2
0 10 3 3 0 -1
0 11 3 1 0 3
haar_y3
2.351134e-003 0 -1
1.637259e-001 -7.169138e-001 
1
2
0 3 24 9 0 -1
0 6 24 3 0 3
haar_y3
5.901650e-002 0 -1
1.407191e-001 -6.190730e-001 
1
2
6 20 2 2 0 -1
6 20 2 1 0 2
tilted_haar_y2
-2.268046e-003 0 -1
-7.274109e-001 1.308028e-001 
1
2
11 10 6 3 0 -1
13 11 2 1 0 9
haar_point
-2.736944e-002 0 -1
6.539656e-001 -1.094515e-001 
1
2
9 8 4 2 0 -1
11 8 2 2 0 2
haar_x2
-9.194756e-003 0 -1
6.191207e-001 -1.724532e-001 
1
2
13 21 3 2 0 -1
14 21 1 2 0 3
haar_x3
-2.157314e-003 0 -1
-7.058058e-001 1.397754e-001 
1
2
5 5 3 10 0 -1
5 10 3 5 0 2
haar_y2
7.982737e-003 0 -1
-2.429003e-001 4.211141e-001 
1
2
14 5 1 4 0 -1
13 6 1 2 0 2
tilted_haar_x4
-9.559082e-003 0 -1
8.012359e-001 -6.918227e-002 
1
2
9 6 6 6 0 -1
12 6 3 6 0 2
haar_x2
1.169955e-002 0 -1
-2.117892e-001 4.908748e-001 
-7.463162e-001

7
-1
