11
1
2
0 18 1 2 0 -1
0 19 1 1 0 2
haar_y2
6.946819e-004 0 -1
2.005201e-001 -8.331221e-001 
1
2
22 1 2 3 0 -1
22 2 2 1 0 3
haar_y3
-1.035911e-003 0 -1
-6.716557e-001 1.199748e-001 
1
2
0 1 2 3 0 -1
0 2 2 1 0 3
haar_y3
-1.718734e-003 0 -1
-8.286293e-001 1.734129e-001 
1
2
8 0 9 8 0 -1
8 2 9 4 0 2
haar_y4
2.840797e-002 0 -1
-1.900499e-001 7.105917e-001 
1
2
4 1 3 2 0 -1
5 1 1 2 0 3
haar_x3
2.022831e-003 0 -1
1.404657e-001 -9.616328e-001 
1
2
11 9 6 3 0 -1
13 10 2 1 0 9
haar_point
2.047000e-002 0 -1
-1.624487e-001 5.854067e-001 
1
2
10 10 4 1 0 -1
12 10 2 1 0 2
haar_x2
-4.495717e-003 0 -1
7.122280e-001 -2.350485e-001 
1
2
15 1 4 3 0 -1
16 1 2 3 0 2
haar_x4
-5.838070e-003 0 -1
-3.464463e-001 5.938145e-002 
1
3
2 12 6 10 0 -1
2 12 3 5 0 2
5 17 3 5 0 2
haar_x2_y2
1.215172e-002 0 -1
-2.683794e-001 5.237263e-001 
1
2
17 1 3 3 0 -1
18 1 1 3 0 3
haar_x3
-5.134022e-003 0 -1
-5.935380e-001 9.817458e-002 
1
2
10 5 4 5 0 -1
12 5 2 5 0 2
haar_x2
4.453975e-003 0 -1
-2.864097e-001 4.677368e-001 
-1.042119e+000

1
-1
