13
1
2
0 1 24 21 0 -1
8 8 8 7 0 9
haar_point
-5.005796e-001 0 -1
-7.400438e-001 2.040235e-001 
1
2
6 9 18 13 0 -1
12 9 6 13 0 3
haar_x3
1.030369e-001 0 -1
6.934918e-002 -4.531372e-001 
1
2
4 6 6 2 0 -1
4 7 6 1 0 2
haar_y2
-1.968612e-003 0 -1
4.637437e-001 -2.222451e-001 
1
2
20 14 3 2 0 -1
21 14 1 2 0 3
haar_x3
-4.465873e-004 0 -1
1.494784e-001 -7.826816e-002 
1
2
1 14 3 2 0 -1
2 14 1 2 0 3
haar_x3
-1.218562e-003 0 -1
5.850429e-001 -1.416570e-001 
1
2
16 4 2 6 0 -1
16 7 2 3 0 2
haar_y2
-5.569510e-003 0 -1
2.594392e-001 -1.677732e-001 
1
2
9 0 4 6 0 -1
9 2 4 2 0 3
haar_y3
-5.441927e-003 0 -1
5.012079e-001 -2.289697e-001 
1
2
10 14 6 6 0 -1
12 16 2 2 0 9
haar_point
5.577423e-002 0 -1
-5.772034e-002 6.314005e-001 
1
3
0 0 4 14 0 -1
0 0 2 7 0 2
2 7 2 7 0 2
haar_x2_y2
4.679134e-003 0 -1
-2.545339e-001 3.837043e-001 
1
2
18 10 4 1 0 -1
19 10 2 1 0 2
haar_x4
-1.086763e-003 0 -1
4.002918e-001 -1.296158e-001 
1
2
8 14 6 6 0 -1
10 16 2 2 0 9
haar_point
3.865569e-002 0 -1
-1.695189e-001 5.416153e-001 
1
2
10 10 6 3 0 -1
10 11 6 1 0 3
haar_y3
-2.349031e-005 0 -1
1.947918e-001 -3.026799e-001 
1
2
2 10 4 1 0 -1
3 10 2 1 0 2
haar_x4
-3.432438e-004 0 -1
4.099558e-001 -2.740280e-001 
-8.435701e-001

12
-1
