rawdata/20181218_100507_600x450.bmp 1 327 229 88 86
rawdata/20181218_100632_600x450.bmp 1 324 228 81 64
rawdata/20181218_100718_600x450.bmp 1 362 179 132 125
rawdata/20181218_100745_600x450.bmp 1 295 231 124 136
rawdata/20181218_122843_600x450.bmp 1 298 94 93 117
rawdata/20181218_122844_600x450.bmp 1 249 122 101 92
rawdata/20181218_122845_600x450.bmp 1 209 131 114 79
rawdata/20181218_122846_600x450.bmp 1 193 141 85 79
rawdata/20181218_122848_600x450.bmp 1 275 284 112 97
rawdata/20181218_122849_600x450.bmp 1 332 248 81 80
rawdata/20181218_122850_600x450.bmp 1 285 187 71 77
rawdata/20181218_122852_600x450.bmp 1 225 165 94 80
rawdata/20181218_122855_600x450.bmp 1 248 59 133 118
rawdata/20181218_172615_600x450.bmp 1 239 97 126 109
rawdata/20181218_172619_600x450.bmp 1 214 107 139 97
rawdata/20181218_172622_600x450.bmp 1 164 145 130 91
rawdata/20181218_172624_600x450.bmp 1 145 171 125 106
rawdata/20181218_172626_600x450.bmp 1 177 229 86 91
rawdata/20181218_172628_600x450.bmp 1 190 230 94 101
rawdata/20181218_172630_600x450.bmp 1 191 258 109 100
rawdata/20181218_172633_600x450.bmp 1 251 237 121 113
rawdata/20181218_172636_600x450.bmp 1 302 231 102 90
rawdata/20181218_172638_600x450.bmp 1 306 210 101 89
rawdata/20181218_172646_600x450.bmp 1 240 219 111 125
rawdata/20181218_172653_600x450.bmp 1 241 238 85 122
rawdata/20181218_172701_600x450.bmp 1 278 230 80 122
rawdata/20181218_172705_600x450.bmp 1 256 256 90 124
rawdata/20181218_172708_600x450.bmp 1 247 269 72 123
rawdata/20181218_172710_600x450.bmp 1 242 251 63 93
rawdata/20181218_172927_600x450.bmp 1 240 143 81 85
rawdata/20181218_172932_600x450.bmp 1 242 167 74 81
rawdata/20181218_172944_600x450.bmp 1 214 222 83 87
rawdata/20181218_173012_600x450.bmp 1 200 204 65 48
rawdata/20181218_173021_600x450.bmp 1 201 52 87 88
rawdata/20181218_173025_600x450.bmp 1 204 258 92 86
rawdata/20181218_173027_600x450.bmp 1 239 150 106 144
rawdata/20181218_173030_600x450.bmp 1 244 58 106 74
rawdata/20181218_173141_600x450.bmp 1 307 167 67 45
rawdata/20181218_173146_600x450.bmp 1 276 152 64 59
rawdata/20181218_173150_600x450.bmp 1 335 199 57 66
rawdata/20181218_173152_600x450.bmp 1 404 70 63 59
rawdata/20181218_173158_600x450.bmp 1 335 186 108 83
rawdata/20181218_173200_600x450.bmp 1 348 139 131 115
rawdata/20181218_173201_600x450.bmp 2 365 224 116 87 375 232 104 95
rawdata/20181218_173203_600x450.bmp 1 227 205 89 134
rawdata/20181218_173207_600x450.bmp 1 262 296 112 110
rawdata/20181218_173226_600x450.bmp 1 300 169 60 84
rawdata/20181218_173228_600x450.bmp 1 263 123 83 94
rawdata/20181218_173235_600x450.bmp 1 268 197 87 103
rawdata/20181218_173238_600x450.bmp 1 328 226 54 45
rawdata/20181218_173247_600x450.bmp 1 285 166 57 94
rawdata/20181218_173321_600x450.bmp 1 348 168 111 108
rawdata/20181218_173323_600x450.bmp 1 301 173 115 101
rawdata/20181218_173326_600x450.bmp 1 366 312 111 91
rawdata/20181218_173336_600x450.bmp 1 321 269 63 60
rawdata/20181218_173339_600x450.bmp 1 361 217 74 81
rawdata/20181218_173344_600x450.bmp 1 363 219 51 75
rawdata/20181218_173353_600x450.bmp 1 332 174 86 92
rawdata/IMG_0639_600x450.bmp 1 366 194 82 97
rawdata/IMG_0640_600x450.bmp 1 358 185 78 79
rawdata/IMG_0641_600x450.bmp 1 341 201 75 84
rawdata/IMG_0642_600x450.bmp 1 335 207 85 89
rawdata/IMG_0643_600x450.bmp 1 351 210 82 97
rawdata/IMG_0644_600x450.bmp 1 362 189 77 122
rawdata/IMG_0645_600x450.bmp 1 367 188 95 120
rawdata/IMG_0646_600x450.bmp 1 340 199 89 119
rawdata/IMG_0647_600x450.bmp 1 330 206 103 138
rawdata/IMG_0648_600x450.bmp 1 302 196 95 156
rawdata/IMG_0649_600x450.bmp 1 312 197 100 140
rawdata/IMG_0650_600x450.bmp 1 317 210 106 143
rawdata/IMG_0651_600x450.bmp 1 249 218 104 127
rawdata/IMG_0652_600x450.bmp 1 216 218 96 127
rawdata/IMG_0653_600x450.bmp 1 241 240 111 133
rawdata/IMG_0654_600x450.bmp 1 200 227 113 147
rawdata/IMG_0655_600x450.bmp 1 202 191 90 135
rawdata/IMG_0656_600x450.bmp 1 201 179 83 134
rawdata/IMG_0657_600x450.bmp 1 196 155 100 157
rawdata/IMG_0658_600x450.bmp 1 202 162 84 156
rawdata/IMG_0659_600x450.bmp 1 201 143 75 133
rawdata/IMG_0660_600x450.bmp 1 225 129 73 118
rawdata/IMG_0661_600x450.bmp 1 226 148 94 132
rawdata/IMG_0662_600x450.bmp 1 199 135 93 122
rawdata/IMG_0663_600x450.bmp 1 183 127 122 127
rawdata/IMG_0664_600x450.bmp 1 180 131 111 103
rawdata/IMG_0665_600x450.bmp 1 162 122 117 100
rawdata/IMG_0666_600x450.bmp 1 281 148 122 147
rawdata/IMG_0667_600x450.bmp 1 259 140 102 117
rawdata/IMG_0668_600x450.bmp 1 246 144 122 110
rawdata/IMG_0669_600x450.bmp 1 204 140 134 135
rawdata/IMG_0670_600x450.bmp 1 200 159 121 130
rawdata/IMG_0671_600x450.bmp 1 155 157 119 102
rawdata/IMG_0672_600x450.bmp 1 138 133 129 115
rawdata/IMG_0673_600x450.bmp 1 137 97 131 152
rawdata/IMG_0674_600x450.bmp 1 162 100 111 136
rawdata/IMG_0675_600x450.bmp 1 195 107 103 130
rawdata/IMG_0676_600x450.bmp 1 201 112 93 114
rawdata/IMG_0677_600x450.bmp 1 216 127 82 117
rawdata/IMG_0678_600x450.bmp 1 214 133 99 104
rawdata/IMG_0679_600x450.bmp 1 184 116 120 142
rawdata/IMG_0680_600x450.bmp 1 211 95 108 151
rawdata/IMG_0681_600x450.bmp 1 221 125 109 123
rawdata/IMG_0682_600x450.bmp 1 144 118 110 132
rawdata/IMG_0683_600x450.bmp 1 156 112 121 133
rawdata/IMG_0684_600x450.bmp 1 232 110 91 133
rawdata/IMG_0685_600x450.bmp 1 220 104 92 119
rawdata/IMG_0686_600x450.bmp 1 225 93 92 119
rawdata/IMG_0687_600x450.bmp 1 252 105 97 125
rawdata/IMG_0688_600x450.bmp 1 274 81 89 111
rawdata/IMG_0689_600x450.bmp 1 289 81 90 109
rawdata/IMG_0690_600x450.bmp 1 320 40 89 93
rawdata/IMG_0691_600x450.bmp 1 344 67 93 112
rawdata/IMG_0692_600x450.bmp 1 321 65 100 125
rawdata/IMG_0693_600x450.bmp 1 322 92 82 117
rawdata/IMG_0694_600x450.bmp 1 300 113 97 91
rawdata/IMG_0695_600x450.bmp 1 373 106 86 114
rawdata/IMG_0696_600x450.bmp 1 375 126 77 117
rawdata/IMG_0697_600x450.bmp 1 365 114 63 90
rawdata/IMG_0698_600x450.bmp 1 377 130 61 119
rawdata/IMG_0699_600x450.bmp 1 333 146 92 108
rawdata/IMG_0700_600x450.bmp 1 354 150 76 95
rawdata/IMG_0701_600x450.bmp 1 355 128 82 122
rawdata/IMG_0702_600x450.bmp 1 377 129 64 145
rawdata/IMG_0703_600x450.bmp 1 381 149 78 115
rawdata/IMG_0704_600x450.bmp 1 365 153 95 102
rawdata/IMG_0705_600x450.bmp 1 383 153 90 111
rawdata/IMG_0706_600x450.bmp 1 374 126 79 106
rawdata/IMG_0707_600x450.bmp 1 344 129 92 105
rawdata/IMG_0708_600x450.bmp 1 314 147 103 90
rawdata/IMG_0709_600x450.bmp 1 309 146 109 95
rawdata/IMG_0710_600x450.bmp 1 376 146 64 114
rawdata/IMG_0711_600x450.bmp 1 364 139 74 115
rawdata/IMG_0712_600x450.bmp 1 368 129 89 97
rawdata/IMG_0713_600x450.bmp 1 356 161 82 117
rawdata/IMG_0714_600x450.bmp 1 330 192 85 101
rawdata/IMG_0715_600x450.bmp 1 336 184 81 120
rawdata/IMG_0716_600x450.bmp 1 201 132 90 85
rawdata/IMG_0717_600x450.bmp 1 215 140 84 88
rawdata/IMG_0718_600x450.bmp 1 211 150 95 73
rawdata/IMG_0719_600x450.bmp 1 222 140 84 74
rawdata/IMG_0720_600x450.bmp 1 224 133 92 75
rawdata/IMG_0721_600x450.bmp 1 206 118 109 74
rawdata/IMG_0722_600x450.bmp 1 193 142 121 88
rawdata/IMG_0723_600x450.bmp 1 225 141 94 103
rawdata/IMG_0724_600x450.bmp 1 201 150 109 100
rawdata/IMG_0725_600x450.bmp 1 213 157 104 118
rawdata/IMG_0726_600x450.bmp 1 216 163 101 98
rawdata/IMG_0727_600x450.bmp 1 248 144 75 87
rawdata/IMG_0728_600x450.bmp 1 238 84 77 73
rawdata/IMG_0729_600x450.bmp 1 224 57 106 88
rawdata/IMG_0730_600x450.bmp 1 230 112 68 100
rawdata/IMG_0731_600x450.bmp 1 209 134 65 92
rawdata/IMG_0732_600x450.bmp 1 213 146 93 109
rawdata/IMG_0733_600x450.bmp 1 206 171 98 98
rawdata/IMG_0734_600x450.bmp 1 165 179 111 99
rawdata/IMG_0735_600x450.bmp 1 192 175 98 115
rawdata/IMG_0736_600x450.bmp 1 210 163 83 85
rawdata/IMG_0737_600x450.bmp 1 247 191 82 81
rawdata/IMG_0738_600x450.bmp 1 257 227 68 71
rawdata/IMG_0739_600x450.bmp 1 260 255 69 68
rawdata/IMG_0740_600x450.bmp 1 284 265 79 63
rawdata/IMG_0741_600x450.bmp 1 311 295 84 49
rawdata/IMG_0742_600x450.bmp 1 284 307 84 56
rawdata/IMG_0743_600x450.bmp 1 324 273 84 48
rawdata/IMG_0744_600x450.bmp 1 356 277 85 51
rawdata/IMG_0745_600x450.bmp 1 385 278 86 56
rawdata/IMG_0746_600x450.bmp 1 407 254 72 87
rawdata/IMG_0747_600x450.bmp 1 402 256 76 58
rawdata/IMG_0748_600x450.bmp 1 434 229 83 76
rawdata/IMG_0749_600x450.bmp 1 367 213 81 78
rawdata/IMG_0750_600x450.bmp 1 351 230 77 69
rawdata/IMG_0751_600x450.bmp 1 409 182 61 57
rawdata/IMG_0752_600x450.bmp 1 351 172 83 92
rawdata/IMG_0753_600x450.bmp 1 346 175 85 93
rawdata/IMG_0754_600x450.bmp 1 335 159 83 81
rawdata/IMG_0755_600x450.bmp 1 344 150 77 78
rawdata/IMG_0756_600x450.bmp 1 363 147 77 103
rawdata/IMG_0757_600x450.bmp 1 359 123 81 67
rawdata/IMG_0758_600x450.bmp 1 349 141 87 59
rawdata/IMG_0759_600x450.bmp 1 340 129 70 60
rawdata/IMG_0760_600x450.bmp 1 287 95 74 48
rawdata/IMG_0761_600x450.bmp 1 282 57 66 61
rawdata/IMG_0762_600x450.bmp 1 225 141 81 87
rawdata/IMG_0763_600x450.bmp 1 340 215 85 49
rawdata/IMG_0764_600x450.bmp 1 356 196 78 70
rawdata/IMG_0765_600x450.bmp 1 352 201 104 80
rawdata/IMG_0766_600x450.bmp 1 363 198 84 84
rawdata/IMG_0767_600x450.bmp 1 352 196 84 74
rawdata/IMG_0768_600x450.bmp 1 341 198 93 89
rawdata/IMG_0769_600x450.bmp 1 366 224 81 94
rawdata/IMG_0770_600x450.bmp 1 360 223 101 103
rawdata/IMG_0771_600x450.bmp 1 376 197 98 86
rawdata/IMG_0772_600x450.bmp 1 388 234 86 87
rawdata/IMG_0773_600x450.bmp 1 378 198 92 118
rawdata/IMG_0774_600x450.bmp 1 365 192 83 92
rawdata/IMG_0775_600x450.bmp 1 377 213 76 100
rawdata/IMG_0776_600x450.bmp 1 336 216 112 113
rawdata/IMG_0777_600x450.bmp 1 310 214 104 113
rawdata/IMG_0778_600x450.bmp 1 340 214 125 141
rawdata/IMG_0779_600x450.bmp 1 350 211 94 129
rawdata/IMG_0780_600x450.bmp 1 397 213 73 84
rawdata/IMG_0781_600x450.bmp 1 421 226 66 85
rawdata/IMG_0782_600x450.bmp 1 482 238 55 72
rawdata/IMG_0783_600x450.bmp 1 425 221 55 85
rawdata/IMG_0784_600x450.bmp 1 391 205 51 88
rawdata/IMG_0785_600x450.bmp 1 358 223 59 74
rawdata/IMG_0786_600x450.bmp 1 329 247 54 68
rawdata/IMG_0787_600x450.bmp 1 340 198 50 64
rawdata/IMG_0788_600x450.bmp 1 316 160 54 58
rawdata/IMG_0789_600x450.bmp 1 342 163 86 91
rawdata/IMG_0790_600x450.bmp 1 350 182 79 104
rawdata/IMG_0791_600x450.bmp 1 344 186 105 117
rawdata/IMG_0792_600x450.bmp 1 393 201 99 135
rawdata/IMG_0793_600x450.bmp 1 370 203 97 127
rawdata/IMG_0794_600x450.bmp 2 336 213 98 101 342 215 94 95
rawdata/IMG_0795_600x450.bmp 1 262 236 103 131
rawdata/IMG_0797_600x450.bmp 1 407 205 76 91
rawdata/IMG_0798_600x450.bmp 1 361 184 94 94
rawdata/IMG_0799_600x450.bmp 1 212 176 92 104
rawdata/IMG_0800_600x450.bmp 1 223 181 92 97
rawdata/IMG_0801_600x450.bmp 1 210 188 95 104
rawdata/IMG_0802_600x450.bmp 2 191 175 98 102 193 158 92 131
rawdata/IMG_0803_600x450.bmp 1 220 211 96 88
rawdata/IMG_0804_600x450.bmp 1 227 238 91 90
rawdata/IMG_0805_600x450.bmp 2 224 188 81 69 230 185 72 65
rawdata/IMG_0806_600x450.bmp 1 242 187 58 74
rawdata/IMG_0807_600x450.bmp 1 340 211 51 52
rawdata/IMG_0808_600x450.bmp 4 343 202 54 61 340 199 54 59 344 196 54 69 336 202 70 54
rawdata/IMG_0809_600x450.bmp 1 341 188 48 59
rawdata/IMG_0810_600x450.bmp 1 345 194 57 62
rawdata/IMG_0811_600x450.bmp 1 318 178 58 51
rawdata/IMG_0812_600x450.bmp 1 320 196 62 55
rawdata/IMG_0813_600x450.bmp 1 326 224 52 76
rawdata/IMG_0814_600x450.bmp 1 317 206 51 65
rawdata/IMG_0815_600x450.bmp 1 308 217 74 92
rawdata/IMG_0816_600x450.bmp 1 312 224 79 76
rawdata/IMG_0817_600x450.bmp 1 331 248 68 86
rawdata/IMG_0818_600x450.bmp 1 341 261 78 69
rawdata/IMG_0819_600x450.bmp 1 335 221 69 73
rawdata/IMG_0820_600x450.bmp 1 340 202 48 85
rawdata/IMG_0821_600x450.bmp 1 307 207 74 78
rawdata/IMG_0822_600x450.bmp 1 300 228 79 70
rawdata/IMG_0823_600x450.bmp 1 309 231 73 72
rawdata/IMG_0824_600x450.bmp 1 234 206 110 111
rawdata/IMG_0825_600x450.bmp 1 229 205 93 120
rawdata/IMG_0826_600x450.bmp 1 272 232 96 103
rawdata/IMG_0827_600x450.bmp 1 253 249 99 101
rawdata/IMG_0828_600x450.bmp 1 257 262 70 105
rawdata/IMG_0829_600x450.bmp 1 243 274 84 116
rawdata/IMG_0830_600x450.bmp 1 225 257 79 112
rawdata/IMG_0831_600x450.bmp 1 225 250 94 101
rawdata/IMG_0832_600x450.bmp 1 264 272 85 104
rawdata/IMG_0833_600x450.bmp 1 254 283 66 94
rawdata/IMG_0834_600x450.bmp 1 263 312 54 99
rawdata/IMG_0835_600x450.bmp 1 314 174 73 97
rawdata/IMG_0836_600x450.bmp 1 309 144 92 79
rawdata/IMG_0837_600x450.bmp 1 277 149 92 57
rawdata/IMG_0838_600x450.bmp 1 243 188 73 60
rawdata/IMG_0839_600x450.bmp 1 227 196 84 64
rawdata/IMG_0840_600x450.bmp 2 206 161 67 66 208 158 69 64
rawdata/IMG_0841_600x450.bmp 1 206 114 92 78
rawdata/IMG_0842_600x450.bmp 1 143 166 79 91
rawdata/IMG_0843_600x450.bmp 1 129 110 81 122
rawdata/IMG_0844_600x450.bmp 1 119 125 101 118
rawdata/IMG_0845_600x450.bmp 1 139 147 99 107
rawdata/IMG_0846_600x450.bmp 1 166 153 115 100
rawdata/IMG_0847_600x450.bmp 1 188 175 90 121
rawdata/IMG_0848_600x450.bmp 1 156 205 93 140
rawdata/IMG_0849_600x450.bmp 1 253 165 65 83
rawdata/IMG_0850_600x450.bmp 1 239 199 73 112
rawdata/IMG_0851_600x450.bmp 1 325 82 90 110
rawdata/IMG_0852_600x450.bmp 1 386 58 52 72
rawdata/IMG_0853_600x450.bmp 1 354 86 73 87
