13
1
2
12 0 6 10 0 -1
12 0 6 5 0 2
tilted_haar_y2
1.070849e-003 0 -1
-3.525247e-001 3.769402e-001 
1
2
19 5 4 3 0 -1
18 6 4 1 0 3
tilted_haar_x3
9.717342e-003 0 -1
-8.912558e-002 4.406371e-001 
1
2
4 5 4 3 0 -1
5 6 2 3 0 2
tilted_haar_x4
7.544634e-003 0 -1
-2.598530e-001 5.887191e-001 
1
2
19 6 3 3 0 -1
18 7 3 1 0 3
tilted_haar_x3
-7.560818e-003 0 -1
6.287347e-001 -3.409519e-002 
1
2
5 5 4 2 0 -1
6 6 2 2 0 2
tilted_haar_x4
-6.154125e-003 0 -1
6.375757e-001 -1.857075e-001 
1
2
20 5 3 4 0 -1
20 5 3 2 0 2
tilted_haar_x2
1.102007e-002 0 -1
-6.700592e-002 2.897866e-001 
1
2
4 5 4 3 0 -1
4 5 2 3 0 2
tilted_haar_x2
-9.463893e-003 0 -1
4.522348e-001 -2.741157e-001 
1
2
12 5 3 6 0 -1
13 7 1 2 0 9
haar_point
-1.129176e-002 0 -1
4.641614e-001 -1.375747e-001 
1
2
9 8 6 3 0 -1
11 9 2 1 0 9
haar_point
-2.427687e-002 0 -1
6.386760e-001 -1.863562e-001 
1
2
12 5 3 6 0 -1
13 7 1 2 0 9
haar_point
1.695541e-002 0 -1
-6.016878e-002 4.731613e-001 
1
2
10 8 3 3 0 -1
11 9 1 1 0 9
haar_point
6.180006e-003 0 -1
-1.928853e-001 5.692384e-001 
1
2
11 0 4 2 0 -1
12 0 2 2 0 2
haar_x4
-2.055389e-003 0 -1
-6.002045e-001 1.030134e-001 
1
2
10 15 3 3 0 -1
11 16 1 1 0 9
haar_point
3.940884e-003 0 -1
-2.323180e-001 5.415007e-001 
-1.145434e+000

10
-1
