17
1
2
0 10 11 6 0 -1
0 12 11 2 0 3
haar_y3
-1.176758e-002 0 -1
4.158089e-001 -2.322599e-001 
1
2
18 0 6 1 0 -1
20 0 2 1 0 3
haar_x3
-5.514075e-003 0 -1
-6.909842e-001 6.163469e-002 
1
2
0 0 6 1 0 -1
2 0 2 1 0 3
haar_x3
2.844271e-003 0 -1
1.336122e-001 -8.100306e-001 
1
2
10 13 6 6 0 -1
10 16 6 3 0 2
haar_y2
1.353358e-002 0 -1
-1.966285e-001 2.258624e-001 
1
2
11 11 1 4 0 -1
10 12 1 2 0 2
tilted_haar_y4
6.371908e-003 0 -1
-1.502025e-001 6.672205e-001 
1
2
16 0 6 1 0 -1
18 0 2 1 0 3
haar_x3
-3.910603e-003 0 -1
-5.802066e-001 6.730257e-002 
1
2
5 15 2 5 0 -1
5 15 1 5 0 2
tilted_haar_x2
4.535703e-003 0 -1
1.429446e-001 -6.591393e-001 
1
2
16 8 6 3 0 -1
18 9 2 1 0 9
haar_point
1.542924e-002 0 -1
-1.580912e-001 2.757212e-001 
1
2
2 8 6 3 0 -1
4 9 2 1 0 9
haar_point
1.246524e-002 0 -1
-1.792685e-001 6.060121e-001 
1
2
21 0 3 3 0 -1
22 1 1 3 0 3
tilted_haar_y3
7.289981e-003 0 -1
6.824148e-002 -5.871875e-001 
1
2
7 10 6 6 0 -1
9 12 2 2 0 9
haar_point
-6.861674e-002 0 -1
7.791281e-001 -1.195631e-001 
1
2
9 1 9 6 0 -1
9 3 9 2 0 3
haar_y3
1.711690e-002 0 -1
-1.268097e-001 3.734449e-001 
1
2
9 12 3 3 0 -1
10 13 1 1 0 9
haar_point
2.434899e-003 0 -1
-2.848843e-001 3.815249e-001 
1
2
21 0 3 2 0 -1
22 1 1 2 0 3
tilted_haar_y3
-3.488641e-003 0 -1
-3.632042e-001 7.092917e-002 
1
2
0 0 10 9 0 -1
5 0 5 9 0 2
haar_x2
7.059372e-002 0 -1
1.026360e-001 -9.199949e-001 
1
2
21 0 2 1 0 -1
21 0 1 1 0 2
tilted_haar_y2
-2.812592e-003 0 -1
-4.245153e-001 -5.802585e-003 
1
2
3 0 1 2 0 -1
3 0 1 1 0 2
tilted_haar_y2
-1.175565e-003 0 -1
-6.967986e-001 1.616614e-001 
-7.177275e-001

9
-1
